15335
14712
15188
15369
15654
15653
15156
15691
15521
15080
15235
15257
15478
15647
15651
15648
15060
15116
15223
13714
15219
15193
15340
14323
15117
15236
15261
15127
15123
15301
15379
15524
15081
15332
15226
15227
15229
15231
15344
15036
15037
15120
15762
15115
15761
15121
15480
15029
15699
15624
15713
15712
15649
15646
15716
15362
15361
15225
15224
15234
15645
15143
15661
15660
15714
15082
15061
15351
15635
15632
15633
14468
15181
15377
15715
14999
15031
15146
15268
15681
15679
15078
15262
15263
15375
15374
15423
15729
14974
15378
15228
15414
15034
15035
15072
15070
15071
15073
15137
15138
15155
15182
15183
15243
15241
15304
15303
15305
15371
15515
15518
15732
15722
15721
15719
15503
15398
15370
15652
15708
15191
15244
15343
15148
15578
15222
15253
15333
15735
14813
15575
15368
15366
15502
15355
15644
15383
15555
15185
15180
15641
15128
15399
15755
15754
15347
15317
15239
15196
15372
15300
13506
15490
15491
15109
15477
15511
15514
15513
15512
15655
15656
15364
15759
15245
15233
15689
15690
15742
14107
15668
14896
15535
15536
15542
15543
15076
15667
15547
15544
15420
15421
15472
15385
15386
15736
15737
15091
15396
15074
15354
15548
15576
15546
14553
15313
15758
15064
15242
15545
15039
15162
15075
15516
15237
15296
15360
15200
15202
15359
15393
15173
14602
15756
15295
15201
15484
15113
15114
15213
15141
15246
15238
15693
15697
15698
15041
15341
15342
15579
15416
15706
15705
15707
15688
15346
15085
15260
15702
15701
15703
15717
15738
15739
15740
15680
15122
15350
15493
15492
14950
15249
14700
15485
15475
15486
15462
15463
15445
15476
15470
15482
15464
15465
15642
15619
15621
15622
15620
15616
15617
15618
15623
15665
15663
15666
15089
15090
15087
15460
15461
15606
14755
15302
15048
15479
15033
15724
15725
15726
15050
15363
15519
15425
15426
15427
15428
15395
15584
15510
15280
15289
15279
15175
15063
14905
15553
15602
15551
15601
15552
15605
15608
14756
15251
15184
15692
15400
15401
15179
15178
15352
15730
15458
15556
15558
15603
15607
15557
15554
15559
15585
15207
15047
15384
15387
15388
15413
15083
15581
15283
15286
15288
15338
15277
15276
15281
15508
15509
15284
15285
15291
15287
15170
15172
15685
15152
15153
15474
15140
15365
15111
15112
15025
15026
15625
15432
15574
15600
15562
15599
15565
15598
14762
15209
14788
15105
15189
15636
15637
15177
15250
15469
15211
15212
15110
15459
15628
15626
15434
14767
14768
15014
13581
15466
15495
15494
15497
15496
15539
15541
15540
15538
15403
15402
15079
15406
15157
15357
15358
15042
15232
15240
15274
15282
15168
15684
15683
15505
15650
15356
15194
15349
15102
15101
14578
15741
15743
15437
15438
15419
15573
15444
15440
15446
15456
15439
15443
15449
15450
15451
15452
15453
15455
15560
15591
15592
15563
15594
15567
15593
15596
15588
15571
15564
15597
15586
15569
15561
15589
15566
15609
15612
15447
15587
15570
15568
14175
14160
14780
14776
14784
15208
15664
14956
15339
14247
14239
14249
15095
14254
15532
15382
15043
15248
15290
15526
15527
15158
15161
15067
15108
15433
14764
15537
15160
15159
15694
15024
15318
15294
15345
15744
15760
15220
14604
15306
15307
15311
15310
15308
15309
15103
15100
15676
15675
15674
15677
15055
15052
15051
15053
15056
15054
15293
15266
15745
15750
15751
15534
15523
14189
15488
15221
15657
15752
15323
15577
15659
15203
15190
15529
15348
15389
15135
15132
15130
15131
15136
15133
15134
15129
15670
15671
15522
15572
13974
15107
15429
15145
15334
15325
15326
15422
15139
15757
15369
15654
15653
15156
15146
15423
15719
15513
15656
15705
15701
15122
15492
15790
15782
15605
15556
15557
15559
15291
15574
15562
15565
15560
15563
15567
15571
15564
15569
15561
15566
15570
15568
15774
14189
15325
15326
15422
15335
14712
15188
15199
15521
15080
15235
15257
15478
15647
15648
15116
15223
15219
15193
15340
14323
15117
15236
15301
15379
15524
15081
15226
15227
15036
15480
15029
15624
15649
15646
15362
15361
15225
15224
15234
15645
15143
15661
14468
15262
15375
15374
15182
15183
15243
15304
15371
15515
15503
15244
15578
15253
14813
15575
15368
15355
15755
15372
15364
15667
15547
15246
15341
15342
15579
15416
15346
15249
15619
15621
15622
15620
14755
15048
15479
15033
15363
15384
15083
15152
15153
15625
15469
15628
15466
15357
14674
15505
15650
15356
15532
15318
14604
15135
15670
15671
15145
15334